-1.020201346455493985e+00 8.233753715193260492e-01 -8.966134140121452267e-01 2.349148115394748437e+00
5.662346851537745085e-01 -1.742826419498432866e+00 2.259080456278133475e+00 -7.232335377164064161e-01
-1.420147343851525745e+00 1.067480001397409728e+00 5.446434175719107040e-01 -1.049560690678813524e+00
-3.439287887806600219e-01 -8.842553439667459880e-01 1.460521206295539942e+00 -1.210174625408160232e+00
-1.468059883386651387e+00 -4.140969433179225723e-01 -4.608849835503651682e-01 9.891602458405620579e-01
2.627288387293310601e-01 2.576861240779415585e+00 7.447689994070648412e-02 -4.382134535984544277e-01
1.842990675714605286e+00 1.502939146953305993e-01 -1.111254388745604560e+00 -6.382944924280425925e-01
-1.204092037476446553e+00 4.847560144911274849e-01 -1.106043344165412723e+00 -1.983567234975176508e-01
1.270338915286557846e+00 -1.539116604337706473e+00 7.450253680076072138e-01 -9.692634882802798613e-01
-2.661202726699674059e+00 8.902663833665716009e-01 6.364320598823480779e-01 8.959760903910726770e-02
-4.510747438473692861e-01 -1.294301119111769260e+00 -6.499981818040962978e-01 1.933423875228013511e+00
6.378264849122118607e-02 3.876047047432896742e-01 5.360269619159761800e-02 2.854618215012433957e+00
1.791051628606118662e+00 -9.793560091051507766e-02 7.826257868629326042e-01 -1.208909539849424952e+00
-1.026219463947446231e+00 -2.189575091277101926e+00 5.968410507006376153e-02 8.843589554400649311e-01
1.142310654971294470e+00 -8.006517280781297874e-01 1.419278529171262404e+00 1.402460459804293125e+00
-1.555873834933965583e+00 1.030334710361877182e+00 1.252547783405246307e+00 1.197197255039672781e+00
1.669802646090943199e-01 -3.350476874950847894e-01 -1.401013024646942384e-01 1.505912602450338866e+00
1.971323815047416383e+00 -1.073703656802769357e+00 -1.813095582250130455e+00 -5.593068297812435752e-01
3.443867619148847647e-01 2.497869949715058047e-01 1.150504746134638046e+00 -3.125952258564752562e+00
-1.864498292301563498e-01 -1.708889728262631413e+00 -6.372362621205239774e-01 -1.047982754724541055e+00
-1.885608138044838844e+00 -3.599318893022249721e-01 -1.067911342297969579e+00 -3.249598236662196715e-01
3.318081134188202719e-01 -1.429372447398389312e+00 1.509740019534742093e-02 4.274145452048909166e-01
4.756348853423519318e-01 4.127824132566655924e-01 2.315178717077586157e+00 -6.151549364845818602e-01
7.226775845519509689e-01 5.792143806011891272e-01 2.586639529170815077e+00 1.960893837156282515e+00
-1.341304919307388044e+00 3.590656829088382795e-01 1.798951926585909078e+00 1.144287860435553306e+00
-1.281279210052572726e+00 7.226492416577624534e-01 4.690932660150231442e-03 1.287092926016356831e+00
2.430268546950348565e-02 3.504729026761172483e-01 2.042299431113307140e+00 -7.142489967880448765e-01
3.231300835994926207e-02 2.735441893346413078e-01 -3.360518791081123169e+00 3.883676099374860358e-01
1.106050141372490359e+00 3.763235074482267351e-01 -1.227365285577773912e+00 -1.421468389658261389e+00
-6.755394089272167557e-01 -1.067361896942620403e+00 1.941139162120446571e+00 2.043287126270979248e-01
2.827284117038086353e-01 1.791149379865896452e-01 1.416871133498026847e+00 2.010974605690305506e+00
-2.150162472656723001e+00 1.689057875438749523e+00 1.914244440152383264e+00 2.887476253347420196e-01
