-2.906914767677938993e+00
-8.443014177987848701e-01
-1.888567037420893380e+00
-2.311567363136007192e+00
-2.937704871009714669e+00
-1.157109239366603815e+00
-9.148398694234729511e-01
-2.331177465022541195e+00
-1.187070398269449045e+00
-2.851988124965896265e+00
-9.057857034714773548e-01
-1.661079436918640573e+00
-1.894216507250094272e+00
-1.809392607871881387e+00
-8.387605783369402879e-01
-9.572350954778077181e-01
-1.178181410990110534e+00
-1.569945525345436854e+00
-1.629825607430096079e+00
-1.089266473344294495e+00
-1.475152176164071127e+00
-1.025095328478334844e+00
-2.017763508860813904e+00
-4.142484499449963664e+00
-6.688221334833708287e-01
4.793329116314631322e-01
-1.266282291774237345e+00
-1.807801968626230105e+00
-1.844091479238755715e+00
-1.826700923117554387e+00
-1.690237327042780402e+00
-2.829665464089641258e+00
