-5.882343645138460829e-03
7.961659844325383317e-03
3.203550954451542428e-03
-1.624738858610768125e-02
-1.034036238321668286e-02
-1.820350733050782712e-03
1.269304895355035344e-02
5.178877578805451617e-03
2.235931686643393909e-02
-4.199195886832833048e-03
-1.219125158085081727e-02
-1.635201126154323115e-02
-3.035917628749421407e-03
8.545164787245065202e-03
-7.382265966571426898e-03
-8.425872399318645040e-03
-3.038371530625853367e-04
-8.819502523877257878e-04
9.852923038629073441e-03
-1.119583191639615585e-03
-9.770881244213870664e-02
-3.760616322059009975e-02
-2.732388966514955834e-03
1.248873939764862974e-02
-1.624068822464214482e-02
-7.431656507683835101e-03
7.370356386125659874e-03
-7.015525641645967148e-03
4.256011017657942985e-01
-2.342651717973976214e-02
1.396417448677261634e-03
-5.126870300307612496e-03
2.399432776840312517e-02
6.830683644766835129e-03
-1.141376279209819176e-02
4.816195727425301963e-03
1.173215830140509203e-01
3.840066852214988474e-02
-7.248146928239402459e-03
-7.057099248363734798e-03
5.370163070301893493e-02
-2.835208762949883478e-03
5.013645442569572563e-02
-1.995239142662059897e-03
-1.114797853993130389e-03
-6.145593577909504862e-02
5.757770651437086468e-02
5.463926208977541027e-02
-3.340325466004775024e-03
1.368634979493752943e-02
1.375945098524911092e-02
-1.251956452540310856e-02
-3.485513418867755564e-02
-8.646820962368271819e-04
6.178690991424696383e-02
2.065251777317022794e-02
9.095556638607038211e-03
-3.480051026226329522e-05
1.376532326260254463e-03
-7.136880035809132529e-03
4.769462745877947607e-02
-9.851752011961884686e-03
2.046657836171176387e-02
2.028326861905269465e-02
1.128307804590236024e-02
1.804620796190302690e-01
-6.166568184827010343e-03
-6.727022170084940959e-03
-5.353859821411888903e-02
-2.819088152186091829e-03
-9.677044496197415718e-03
1.300040529232927844e-01
1.517870874709795377e-02
1.720708225267021316e-02
5.078534466815024136e-03
-8.225684052827106352e-02
5.037033374704031480e-03
-1.544376414124416612e-02
-1.703995189690154025e-02
-4.708799667852797861e-03
-2.993094035464372374e-02
-2.536559393465117121e-03
1.562991028168570406e-05
2.119048007414011531e-02
-1.915808508772816809e-03
-3.412453008956148337e-02
3.705063816892716771e-02
-9.490733985574724418e-02
8.067078882365507145e-03
2.486624147238383157e-03
-6.171173329132068021e-04
1.724596732727668238e-02
-3.525362136806253072e-02
-1.269937086654308010e-02
-6.789852466875991727e-03
-2.592982820691519183e-02
-2.404562688160341924e-03
-3.937734764716628588e-03
-7.269013814246966243e-03
7.099519926924253814e-03
3.989831379558317903e-01
2.007576775680746176e-02
-1.282338409166421979e-02
6.737366751246433826e-03
-6.050213975782868167e-03
-2.801106715757060647e-03
-7.426835918347645879e-03
-1.233136851850817790e-02
1.070694810482742190e-02
-1.230975056162735524e-02
-1.009019208055927409e-02
9.481179980794682272e-02
-2.251801374167980430e-02
-1.192950143337085690e-02
-1.690169297224908967e-02
-4.267949015948429257e-03
7.962141673737680933e-03
1.840579463509686015e-02
3.876483087553192573e-03
1.542794611383279946e-01
6.808385805465412555e-02
-3.009787006928827183e-03
3.207084997898310835e-02
-3.476925285384260995e-03
-9.996206109059754819e-03
8.944758115830616502e-03
-2.415805239918841340e-03
-2.657718275638865785e-03
-1.332394852560358188e-02
-1.600064766517134487e-02
7.463021584769981807e-03
-8.136072163215700773e-03
-5.201235743790882937e-02
-1.740137109612160601e-02
1.631382648154089876e-03
7.560300463466108857e-04
3.901519420063908616e-01
1.375920845366351993e-04
6.875278490010477798e-03
2.977788528069808677e-02
-8.445922859052272524e-02
-2.807372633615550991e-02
-8.992231457651390578e-03
1.406277545322346788e-03
1.229175625695264236e-02
5.048599489335506329e-04
-1.564861423993426162e-02
-1.576571057006165288e-02
-2.116316231337123099e-01
3.668604819158072759e-03
-8.685570813285426947e-03
1.828875997626173934e-03
9.228056245768637145e-02
1.885749657802832449e-02
-7.233929149714876661e-02
8.761908319556595270e-03
-5.123064792547168608e-03
-9.563441648643785818e-04
-1.430905686803970144e-02
-7.165897497006246120e-02
-3.502154928789996680e-01
6.553024018331464473e-02
1.845743267416189576e-02
-4.346277360624966474e-03
6.677819899830888823e-04
-5.956901185467157467e-02
2.480078491731706712e-03
-7.320771760565104869e-02
1.079837215451531947e-02
-7.191537941781154381e-03
-8.963933251553550877e-03
8.173706462113456209e-03
3.835140204053687912e-03
2.071129343831275976e-02
5.345003326522334425e-03
-4.262707409658717667e-03
-4.155929821122274388e-03
-8.301799266882826933e-03
6.966842465639549488e-05
-1.330071684102192807e-02
8.349733870389051960e-02
3.274746161432271017e-03
7.401105260546987467e-03
-1.792295632659920285e-02
1.048495916404358283e-02
1.089533241778416484e-01
-1.326336557956816521e-02
6.304847659610319198e-03
3.457975101819223043e-03
-1.737569887818293801e-01
5.220938118033158909e-02
-1.941946992784359532e-02
1.927745981772352457e-02
-5.951094453600593373e-03
1.856772065357161980e-02
5.755466795532237362e-02
-3.008174861585665404e-03
-3.587371367425697729e-03
-1.987934237757354658e-02
1.212512299825882628e-01
