-1.494925473109271277e-02
-7.990708409840162688e-03
-3.244386943182309309e-03
-9.978618658187122722e-03
1.923114617984799171e-02
1.431357083719236346e-02
-1.579651992945980271e-02
6.110372947418353171e-03
-1.387059344757420043e-02
-3.065777107455459026e-03
-2.002813605368293851e-02
3.099976687115279985e-03
-4.040144242143382802e-02
-1.774055412243389154e-02
-2.539645328891460604e-03
-2.487831383347521505e-02
-3.190818520336745345e-02
-2.356155859713119499e-02
-2.980799917930872928e-02
-1.908554110031403933e-02
-9.753580103927026249e-03
-7.664852241866405153e-03
-2.987629490906320434e-02
-1.936608988464374320e-02
-1.309302150033452190e-02
-3.616964239357541022e-02
-2.511576924867205476e-02
-2.667535200997106851e-02
-4.384003839933294649e-02
-3.750732218361949033e-02
-3.208176873906030957e-02
-2.817460283559638373e-02
-3.781632447208112952e-02
-2.813344968944953353e-02
-4.822550827114881894e-02
-4.065036775609020409e-02
-4.132697285570669649e-02
-3.629369986344083837e-02
-3.616750516376844582e-02
-4.487976110102218086e-02
-5.435996313533019569e-02
-3.618783085794157611e-02
-2.513663899513544214e-02
-3.188845451911607315e-02
-1.498934760176697661e-02
-2.676738666333663627e-02
-1.480313384897412321e-02
-1.956879676936438758e-02
-4.733630818599991047e-02
-3.954142550937304185e-02
-3.234420229276615405e-02
-1.356181417639744022e-02
-3.336565667833502752e-02
-2.899470812586836185e-02
-3.289671273540023533e-02
-3.572153422343492257e-02
-1.285726058605581208e-02
-4.145897916800582450e-02
-3.343454690117652478e-02
-2.990854231681355432e-02
-5.423094331698165987e-02
-7.928951405369852323e-02
-6.442240033030151303e-02
-8.464753465359579898e-02
-4.124109190942588238e-02
-3.252163669561544679e-02
-7.349767194123964231e-02
-6.225594795493154254e-02
-8.100728923836378326e-02
-8.150998440439077841e-02
-6.946803766426329352e-02
-7.813300181204436978e-02
-7.925278204590356645e-02
-6.926605516458157752e-02
-4.913962674421962218e-02
-6.496586487716098091e-02
-5.875233370845842074e-02
-6.112061515176662324e-02
-7.658555299317108822e-02
-6.836229501904345085e-02
-5.610847539960922559e-02
-6.828739608853774679e-02
-6.891602528741513911e-02
-6.317631394275004253e-02
-4.939412277437534721e-02
-5.464511113876022869e-02
-6.325498792798911474e-02
-4.216188354350175471e-02
-6.420575605804391961e-02
-5.981697128832157151e-02
-6.057753445826616345e-02
-5.356775090468170880e-02
-7.109113129312298607e-02
-5.977301754337463469e-02
-6.822928958766759366e-02
-6.216065201656523903e-02
-4.755657779766013504e-02
-7.968773633969372661e-02
-7.903455210126497654e-02
-7.107487805602273612e-02
