-1.934267378503057300e-02
-1.604261365016944893e-03
-5.991009428905812173e-03
-1.013236197049833739e-03
1.112968495303387831e-02
9.692582327156525762e-03
-1.128942727303409955e-03
-1.034334913588796879e-03
-7.924301974619667871e-03
1.212486227739924781e-02
-1.124077146151971143e-02
8.864064181152559591e-03
9.672858136485826654e-04
2.482109752646457015e-03
-9.043293802514576485e-03
1.103698351937310029e-02
-7.944442574024254689e-03
1.036151321955696564e-02
4.409124235330431733e-03
1.099010838893499722e-02
6.460607785125156884e-04
-5.422736682410378255e-03
2.266563773245988157e-03
3.360665289588986304e-02
1.010376052379658579e-02
1.695140341471641473e-03
-3.679010933833688681e-03
1.406055118774374689e-02
-7.251733781069158793e-03
1.257397379094758218e-02
1.504018520522861987e-02
-1.118206235723045484e-02
3.923533391009490293e-03
2.324597698074120505e-03
-2.146599553080242098e-02
-1.007898931885066289e-02
3.274911579212846664e-03
6.535554738234919218e-03
-1.915369224732679559e-04
3.458967816008371842e-03
1.120912989971833626e-02
3.494344170823310714e-03
3.051625766454583912e-03
2.763633942672924157e-02
1.891680173316916819e-02
4.602295335509261169e-03
-1.724928462663411627e-02
-2.689558619296260854e-03
-7.300577034214463662e-03
5.597244450532934228e-03
2.799740696891950178e-03
5.297308271762020578e-03
1.168221013988718186e-02
-2.492514731117008442e-03
9.058054644733372004e-03
2.142507789205455853e-03
3.596547766828606975e-03
1.702676625349981709e-02
-2.770324646952498568e-02
1.483488283938447921e-02
1.009045483014578241e-02
-9.994192303504213781e-03
-5.611789473051080786e-03
7.735197549957812009e-03
2.816472679336155457e-03
1.192745244829819702e-02
1.207140743619541370e-03
-1.404492180060085832e-02
2.491108781238078693e-03
-6.921756858338945322e-03
-1.429261458230535577e-03
-5.332881153106065406e-03
1.108576623230914625e-02
-2.413601361555279753e-02
1.814361237915859681e-02
-8.643419935129341425e-03
4.033808641703387314e-03
-1.036734810343899194e-02
1.995637969540597564e-02
7.508306665573243402e-03
-1.806909773666800709e-02
4.687645687733148908e-03
5.219842770154284675e-04
8.011650195844162599e-05
1.448537055536627816e-02
-3.300542985683955956e-03
1.277969345768875491e-02
3.334098905249447201e-03
-8.827623354270815528e-03
3.604152697083500088e-03
-2.552319143115805086e-02
2.000374512248668732e-02
2.158019067950325484e-02
2.441374452355609542e-02
-5.633775515622154936e-03
2.079675345038918891e-02
3.522853045008626002e-03
7.183016733721522308e-03
-2.415534817240198862e-02
-9.367516095257509556e-03
-3.921693108851135971e-03
-1.826764719422086652e-02
1.031167487801388019e-02
2.231729996628595194e-03
-9.862337447372847635e-03
5.398042122455852347e-03
1.037715108355152620e-02
-9.352891896907581520e-03
-2.467639843118803709e-03
2.000802783507519157e-03
2.019397275589078933e-03
1.817659358652988499e-03
-4.937086605268104118e-03
9.597218791410611766e-03
2.338468150372728996e-02
-7.645720742691086962e-04
-1.503886531317966645e-02
8.693968515596011901e-03
-1.960117595617232727e-02
5.769480083080907179e-03
-2.680207909130480955e-03
1.398469044045831059e-03
-1.037228005149055769e-02
-7.104315590588407975e-03
1.197307710152875843e-03
4.817000392788672674e-04
-5.108237584521477942e-03
5.412165475890608202e-03
-3.190119555112066931e-03
-1.565385132922623946e-03
3.733856620394292603e-03
-8.855471194289128364e-03
-1.083071822910324812e-02
6.242912766515078607e-03
3.326848166000822768e-03
-3.440658667445227643e-03
1.206111722723919241e-02
-1.299570600570940267e-02
1.026262536946732310e-03
-1.661574463928404063e-02
6.218717758043702803e-03
-1.923450454577456739e-02
1.030735298535544707e-02
-4.680941147271159772e-03
-9.930824732087028574e-04
-9.607598828589754281e-03
1.880000155274960671e-02
-4.043879368430808655e-03
5.510287475779821137e-04
1.890163722240520471e-03
9.601506443874407602e-04
6.914014531208224554e-03
3.401066325949060609e-03
5.483151756916528931e-03
-1.236745432139832110e-02
-1.106954345605590598e-02
-1.580350918379655814e-02
-1.243709259071974250e-02
1.259776889765783399e-02
-1.525670513109125305e-02
4.095108285937847266e-03
-1.417171732913597750e-02
3.639154213595884382e-03
-7.709406024748152774e-04
7.718749675460007814e-03
-5.631602848095107472e-03
1.414590005755489086e-02
6.083251611359948366e-03
-4.024744156407544272e-03
1.006113857590576477e-02
2.425032366025990042e-03
-3.221567035566311188e-02
1.014109324092822562e-02
4.965018110684460157e-04
-2.763194953006352719e-03
-9.951333656666208963e-03
3.930120786039512613e-03
5.709268775979161117e-03
-1.506103003234308610e-02
-1.004870251125896709e-02
1.222482759264229522e-02
-1.031550504157838395e-02
-1.720858307118811395e-02
-2.014039778865591226e-02
-1.526224643041329998e-04
1.544302892840399531e-02
8.734853127440808662e-03
7.980252995429553201e-03
1.537094782525047151e-02
-4.294062722654665674e-03
1.370085016305661214e-02
9.940114761666809379e-03
1.045626490591985980e-02
6.998718334115931229e-03
-1.241299715664407255e-03
-1.439023335367628498e-02
-6.947407407959576772e-04
-1.964996570143013200e-03
1.910676588507119814e-02
1.140938346500664988e-02
